100

171	-59	-241	237	-585	-84	-155	116	-340	830	549	729	-47	-59	-226	-303	-195	-132	54	86	237	-56	-35	199	221	502	-188	388	-374	36	-411	214	172	416	578	-593	-30	-191	-139	-261	13	-203	-9	-475	-192	201	-487	473	-28	-385	37	46	85	-618	134	-217	-139	-18	572	-110	419	6	378	-119	-702	-205	-489	60	-255	-42	397	7	243	-48	399	-169	113	151	195	59	-342	208	-200	70	181	-415	151	291	209	-108	-40	213	298	431	458	311	653	136	92	-513	
-187	212	505	133	-10	482	-411	-463	-85	-55	-102	-210	-538	-52	161	-229	650	-93	-74	167	-96	167	109	-17	110	-178	35	92	222	-452	78	-452	60	316	-413	142	-67	369	-472	818	38	-1	296	336	-181	-96	-7	407	889	-281	-290	28	464	573	207	41	-241	-489	304	-747	-340	260	-67	214	908	-30	-72	2	301	211	58	-187	46	36	-229	110	-23	-502	-187	-443	123	-387	121	1036	-40	489	-30	-244	-190	358	35	-881	127	-510	-242	-195	-176	163	-241	-118	
40	426	320	262	-141	710	-54	387	222	-102	-542	362	811	85	-36	99	451	-465	-141	-540	-136	235	-139	237	286	243	-38	411	471	-65	77	-652	-117	788	-105	72	-432	-441	-367	69	768	-30	5	229	-557	331	52	146	327	-79	215	-211	440	-201	464	-293	547	-229	136	-186	43	104	581	427	199	199	-323	-111	-224	99	-116	105	109	70	352	67	-219	-513	345	193	409	259	-101	524	-183	57	-126	434	160	59	611	228	178	128	4	480	-241	-78	-262	309	
245	44	18	468	247	145	-361	559	-645	130	-141	-466	-258	30	-568	117	-294	-159	-493	-224	-4	-229	-266	-307	-10	466	-734	124	-49	190	141	394	34	357	-44	-139	-17	186	-213	-314	601	-332	-314	-424	306	-10	-539	98	237	-137	883	-147	-520	-183	-144	205	-183	17	315	160	424	-11	-1	86	39	-403	488	75	-335	97	-123	176	139	-441	7	-284	765	-464	448	-4	-230	-103	-236	208	283	-395	-186	-378	-49	228	471	91	99	571	55	84	125	228	110	-324	
-26	346	386	-172	356	31	-125	445	525	-357	-78	67	-307	143	-311	-82	124	-17	-125	-356	-387	-179	-255	510	-183	415	-5	364	481	753	-4	108	7	-82	-489	273	-104	-293	-234	-434	621	245	317	-187	-199	325	477	163	380	-84	-171	-614	-343	113	291	460	604	-409	97	-87	109	182	-443	259	312	376	178	394	-41	121	-646	424	76	122	472	540	-199	-349	-182	278	363	-129	-360	-242	-31	-18	-166	-468	268	190	-51	361	10	169	2	23	191	286	148	15	
-969	188	-351	649	-311	-396	-15	101	536	104	149	-48	-47	-210	937	205	469	397	171	144	448	126	1245	179	-402	22	377	219	-300	-278	382	90	454	116	548	-326	177	-191	305	237	185	6	391	307	147	242	-18	40	-215	130	-766	275	386	195	7	73	-56	-129	-643	97	-390	-124	-41	192	17	-292	-297	-79	272	-76	728	384	123	-26	17	-93	-68	139	396	-213	392	-57	293	-309	156	360	221	-632	-159	473	603	-199	629	-468	-190	-57	195	205	365	131	
-376	216	30	323	43	-310	131	-104	63	-349	-444	-306	-673	-600	91	497	162	-74	-171	117	-9	-355	-509	-243	-180	239	407	-893	-419	-214	-289	154	-181	39	315	691	554	-216	181	106	-537	-24	-288	196	-206	2	-429	-378	-424	245	-478	-250	556	-79	-694	-437	208	394	183	593	-273	-474	-469	83	64	80	-155	104	-136	155	150	421	-693	381	-105	-243	269	-503	124	220	180	-43	288	202	-130	137	98	598	63	-180	77	-377	100	194	-332	-57	-79	-140	-549	-220	
-846	-300	-247	123	-52	9	-41	-430	-235	222	486	404	-113	134	411	-218	83	-197	117	256	-137	-111	1402	-356	398	-363	356	285	126	-360	381	-582	-79	11	758	-307	-344	235	76	264	347	-949	271	622	-208	-213	407	134	-167	-357	449	-205	-286	136	534	289	92	86	277	-193	189	182	-67	-270	56	-25	240	115	-208	501	-16	-192	-266	-166	-89	-144	239	94	344	-420	-123	464	325	-144	-273	67	-36	-693	-112	416	583	-304	-188	120	54	166	239	61	75	722	
-188	328	-48	-65	304	204	-136	270	-239	238	-35	344	48	29	45	387	-123	146	-218	-157	-161	-69	29	395	467	581	48	368	71	-317	2	-143	286	-91	79	-314	174	-643	232	5	5	611	426	-148	94	244	46	-66	-522	-166	-744	980	637	-347	-400	101	-120	252	-89	-379	270	165	357	250	216	127	274	-78	175	6	498	-101	449	893	-5	-59	-364	315	214	-91	-406	243	-557	95	-684	121	306	322	-273	-76	473	237	585	-256	629	694	238	-69	-114	-126	
586	-34	394	522	356	257	-127	-112	110	396	-523	-356	230	-56	-306	-272	-172	-190	596	38	171	212	-289	-376	140	-158	-320	-278	139	479	-134	195	500	680	-129	-322	99	194	-21	-447	-181	-39	-298	-187	-117	-450	-403	-60	-163	475	360	-777	-670	217	-197	-192	-238	-162	99	302	-135	-392	534	-27	274	51	219	529	147	-576	-484	162	44	18	687	-100	-400	225	255	-213	368	-247	19	-48	335	-156	-386	-19	233	-544	-193	132	-148	115	-282	-417	-489	240	419	-131	
-201	-119	268	-143	-340	161	-727	-128	2	21	86	424	-397	-53	237	-228	114	-164	-91	53	569	593	-159	109	-106	-659	348	388	-216	286	-30	-556	-364	-254	315	82	-133	-519	158	122	-155	12	-251	103	-422	365	8	626	222	-38	-113	-430	566	-25	-233	123	34	361	339	-793	420	229	257	178	36	537	-320	81	239	25	84	150	132	496	38	-139	542	73	-207	-64	333	714	249	175	-498	396	8	-232	213	-385	488	35	-316	451	-129	67	-21	-379	-659	-55	
-343	12	-77	-64	-313	-380	31	168	-397	-455	-496	71	60	-216	326	-62	-187	-205	-93	36	-352	-141	270	379	-633	117	306	133	-163	242	-298	18	-348	-222	161	-141	60	115	-45	-297	6	-14	202	-100	-439	507	471	-153	-1	405	301	64	250	-307	-171	-104	264	-154	-655	100	-584	739	-230	-206	-220	418	202	-444	-506	415	344	-431	-398	-502	-319	238	317	-698	41	-492	415	505	-333	-151	322	-282	548	111	-170	135	-294	-299	-156	268	208	-44	-220	-387	-151	595	
-279	163	293	313	-533	939	229	400	-262	-601	-183	584	12	-229	-159	-179	-553	99	416	165	139	-201	-66	-10	-144	-557	-106	-49	127	-272	119	-188	-440	460	-572	-417	-46	-272	346	85	8	-191	50	47	-125	750	44	-140	-714	-177	340	199	688	-111	-632	360	-89	-809	-366	211	-214	-250	286	-337	409	140	917	-283	-190	-150	140	-666	345	138	-294	-528	-415	-193	-313	220	252	468	-63	348	151	-274	-27	-163	405	-638	166	159	177	239	14	266	15	269	74	168	
-157	-210	-517	-223	-373	-180	12	419	-213	55	414	26	38	136	48	-164	116	-56	214	-7	-36	-235	458	-44	-345	250	-198	17	-315	-206	250	-401	69	129	-4	-154	288	477	-217	234	484	-33	127	449	-127	-342	437	309	325	230	411	182	-403	-88	102	-92	-2	-519	-153	79	-446	-11	95	-289	-223	-275	844	32	-695	408	262	98	-57	-435	2	-47	502	-199	-457	-386	146	126	-167	98	-202	-530	318	-129	-58	325	279	-91	-7	-425	113	11	-337	-385	-42	-185	
183	309	-137	-321	416	14	-305	207	794	-238	126	-347	-248	67	109	22	3	256	-201	-686	-288	75	-55	-168	-572	-483	97	128	68	-125	-110	-321	-262	-424	-232	-412	87	-289	174	43	-182	163	636	50	-166	372	152	-59	-235	315	-712	3	96	334	-97	133	409	438	128	-128	67	808	381	569	-148	250	-360	573	711	-508	-102	229	-83	944	213	523	140	195	421	57	-278	-119	-206	79	-286	385	-94	73	169	-60	-215	243	-307	152	478	97	-112	66	-347	-324	
-274	118	-320	-267	-134	-415	-182	572	399	159	74	387	630	151	287	279	260	170	-239	-83	457	-171	-75	64	-650	438	-211	-63	277	115	-18	208	-303	319	212	20	-256	-321	-2	193	444	-20	-214	50	512	-240	-301	228	-392	-66	525	197	620	-770	-193	118	73	-105	-169	0	-39	61	213	101	-354	-118	-628	-829	-260	-103	100	-205	161	340	-67	-125	-111	-465	-237	489	76	660	109	-575	-85	228	-167	77	54	666	96	744	108	-469	142	457	403	-673	-198	-70	
955	-116	209	-300	125	182	166	-14	-320	-109	-45	167	710	7	382	506	232	-16	209	393	-308	622	1059	-339	355	-186	197	971	194	-346	234	33	126	-485	233	-61	-209	396	397	22	-35	-85	105	119	-173	659	100	-72	-638	-181	-306	102	-271	547	-82	13	633	742	-388	665	-303	110	444	-308	807	203	122	-348	307	213	112	-579	-280	-292	338	507	625	-226	-95	-306	495	45	342	379	61	-368	455	402	-397	291	-51	-260	-244	-676	-292	-28	51	525	14	510	
-123	-198	17	100	-57	352	-50	-132	-360	3	39	-19	-328	91	190	173	-371	206	-408	25	52	-448	-425	393	-246	216	-67	-360	-130	88	258	-294	-26	74	-234	-58	283	34	761	690	243	808	-403	313	544	-237	252	-268	-388	-53	-28	530	31	76	-283	-71	-108	-546	-70	149	-309	202	-455	-238	442	-166	596	110	296	565	-212	57	-108	-203	-146	-120	354	-196	-548	-425	153	82	-122	-86	171	98	281	-66	75	576	494	255	-59	-399	-162	-336	-30	-91	-118	-157	
-179	297	331	117	-109	-7	-102	-4	68	201	-101	706	301	-168	-257	178	-143	328	108	185	13	-123	-276	180	83	-213	132	101	-559	-79	-190	448	959	88	296	-440	215	-59	220	-331	214	106	342	-249	421	17	-114	235	350	-332	-523	-81	314	-83	555	248	-304	95	-104	-164	-277	-129	129	403	353	-166	84	-252	67	-346	86	-7	-1	-242	11	291	-482	599	138	-607	-685	-146	-301	4	-116	368	-140	-560	-21	528	0	181	759	-193	-419	690	-34	413	299	-264	
528	189	176	-197	4	127	-581	116	472	300	-137	305	200	-230	-270	-760	-261	-192	76	41	22	-378	-45	-250	-487	156	91	-191	-197	365	-303	-291	50	-623	-60	466	-38	-440	-14	-417	162	417	162	-407	131	281	437	471	48	80	-205	-682	-494	-94	-197	-35	-133	225	31	-392	-188	334	-91	-71	-597	152	639	310	437	187	-16	13	127	789	-18	-244	-201	-191	123	-403	29	122	0	-89	-18	-176	-135	-497	322	136	-894	-343	-871	206	-297	607	-617	-28	34	287	
-582	222	-420	-74	417	-508	-139	-519	-31	355	61	157	637	-22	256	409	477	493	-346	-196	172	33	55	364	-319	178	-324	276	-6	-430	201	888	24	50	59	-267	-172	525	-256	-173	261	-273	397	-604	98	134	-264	-335	-70	-333	15	67	-163	-389	303	42	46	77	12	-41	-197	250	55	478	225	8	-287	-230	-190	0	209	65	-157	-472	-936	-250	60	-42	116	-479	42	-294	-160	-605	483	-151	180	-518	-212	424	108	467	575	-166	231	-143	182	290	145	107	
56	-288	-63	221	125	-617	-289	38	-160	-650	229	-703	140	335	-233	410	492	-274	-700	-126	409	367	267	231	553	-257	335	-315	-232	193	238	-9	-293	-596	-332	-125	-116	364	233	314	-19	-83	321	-8	-547	40	447	293	-360	8	-177	-159	82	-286	-311	770	476	515	445	-136	141	17	139	-448	404	89	480	329	442	-22	307	-557	-191	22	-173	510	-171	0	-162	-367	-195	-293	-240	25	-676	85	-195	152	-318	68	369	-203	535	222	-320	-242	-375	83	790	46	
-97	54	-781	-1067	412	-62	313	-436	110	351	-236	228	298	268	236	-340	-317	34	-983	246	-451	153	310	31	125	-161	-6	-61	384	-815	45	-385	-44	-439	-69	-491	173	478	-321	284	248	-352	33	-41	-254	19	-263	-272	-363	-50	-329	126	-232	-469	261	-280	448	153	112	71	2	-40	301	-341	280	258	-123	175	-528	534	604	-83	-45	115	-99	-198	299	162	-273	197	610	242	86	84	-450	-252	302	245	-151	-33	327	488	8	-247	197	244	-24	-127	-254	247	
168	-72	244	-298	-426	-253	-112	-404	138	177	164	-325	20	166	273	-63	-38	-261	-811	-112	574	603	339	-367	287	-343	562	-300	-223	-77	386	-527	26	156	353	-71	-327	67	-617	245	-136	-660	491	-144	9	-594	13	230	172	-78	-330	-82	291	439	-265	375	-127	192	127	-343	-130	-5	-193	354	-269	131	-27	-153	-34	479	567	256	-75	260	73	-675	-7	-199	-186	17	36	-15	8	113	76	690	-376	-7	398	128	-126	-508	-391	-36	-180	-137	248	-38	-453	-126	
151	-621	374	498	446	144	439	335	91	289	-63	-376	2	-182	298	-203	-40	-529	369	129	38	310	-66	117	60	-130	-261	6	266	-149	-389	-284	34	453	-349	579	158	-83	585	-152	78	19	-428	190	650	410	84	166	142	-347	415	-392	276	268	-557	674	-574	-269	210	405	382	84	315	-150	687	-97	-53	480	-320	101	85	115	-122	-81	204	275	731	89	235	-241	-96	-320	99	128	-90	455	-114	-492	-245	-167	-47	-444	156	-629	-404	-346	119	-113	168	135	
-229	53	102	436	-303	-27	553	102	351	-834	-209	-401	-92	210	199	46	470	357	-51	250	-21	-288	55	-118	-475	-6	146	-467	118	471	179	-48	-130	418	-320	80	36	-38	51	-48	-50	170	493	477	-548	74	-130	241	-97	-90	-186	-352	664	-352	-441	100	199	-684	-77	-78	-166	329	274	643	584	505	88	44	45	269	-88	517	321	20	416	81	-467	279	35	-389	382	-95	392	604	-269	207	-189	251	-147	378	-144	525	126	-2	-120	-61	659	518	647	-240	
42	310	783	458	61	-34	-303	202	-239	-224	-219	145	-30	79	198	565	-531	-18	-365	-219	270	169	91	60	253	198	-56	-268	159	-375	247	12	-296	-150	28	-98	595	378	-297	142	124	119	476	-282	65	738	-29	211	-60	182	-220	894	256	517	443	456	497	480	-311	-437	-299	255	-573	129	57	-488	-408	56	-421	-490	11	56	770	273	-655	-139	415	-124	87	539	-630	353	-713	4	-318	37	335	-33	65	27	122	-87	-286	-177	137	474	233	-681	-294	-328	
-9	129	-85	249	41	-48	-667	32	366	-5	518	-270	-27	341	406	-167	582	490	-266	131	398	-373	556	30	380	46	152	407	267	-124	-606	-159	448	-157	400	-17	-148	-39	233	211	-75	203	-64	-171	-342	-24	-241	-565	-335	306	-752	-7	141	-227	-219	346	645	240	-435	-368	112	-29	303	241	17	433	-71	-342	420	-23	305	281	-498	65	105	649	-131	675	687	-6	-253	-246	-176	-147	247	363	47	-475	134	-374	71	398	-239	-172	1	-197	23	518	762	-164	
-275	-150	-204	139	201	-733	735	308	607	335	98	274	397	-110	365	529	578	-22	-36	232	556	425	-40	304	-638	244	-255	23	131	-89	100	-54	31	-149	239	78	-185	111	1	-211	541	-168	-268	231	-100	56	-90	-68	-175	-240	-156	-290	252	37	-444	208	119	405	-270	130	-652	349	-376	-47	-550	2	302	-176	-878	-229	-107	-138	-510	-202	-226	-463	544	-323	-169	80	19	-143	100	-188	-185	-139	100	-442	397	36	989	646	506	-612	37	280	-345	-192	-55	-174	
-471	278	-274	-340	430	-349	1098	-154	-384	82	-300	-164	83	-32	-148	444	77	548	99	28	-264	111	359	328	345	81	-149	142	-51	331	-200	95	334	-192	-530	-60	155	-47	-278	-130	-293	-356	447	3	-265	490	-542	193	-209	-86	-22	148	-84	244	234	-199	-350	-163	430	950	22	-374	515	-885	-6	-707	277	1	-693	111	5	-304	189	-41	322	-579	-349	-208	186	-116	-33	151	460	127	-81	-276	-30	223	-716	-9	-31	120	410	320	56	-300	155	-19	-20	388	
-149	208	-130	-365	262	-204	-411	-87	-384	555	-427	194	-117	-40	395	146	-84	2	-49	113	-168	602	136	-123	-532	-46	-551	415	377	45	272	193	-287	-567	4	238	-239	100	545	368	-159	51	-108	201	-396	261	-407	-169	-462	240	50	376	138	-285	70	181	374	-115	467	-177	-286	343	-133	241	456	387	-362	-433	-327	-249	-394	-185	-290	240	-496	290	274	-298	-513	82	753	823	-168	301	436	-477	60	20	263	-61	-42	750	-154	-106	116	154	59	-49	-339	445	
608	194	322	-249	330	-155	421	596	468	0	-170	-145	744	27	388	-149	-196	-57	-305	-365	-499	382	867	178	286	52	130	-6	354	-178	380	-504	125	-60	-374	455	359	-192	-188	-230	519	161	866	-420	74	-210	77	148	130	-157	-82	-394	111	261	-39	-11	616	6	368	826	107	83	556	193	213	-72	241	199	-25	181	381	414	71	-244	493	662	-374	-429	566	-454	139	-174	91	92	21	-59	-611	182	-352	-53	-520	-578	-261	118	-39	741	-94	289	9	318	
39	208	-453	-335	78	-21	11	255	564	-73	134	-132	-9	183	-124	170	403	470	2	142	293	62	-440	209	-355	-331	40	-328	118	38	290	88	409	-570	-26	-442	-27	18	-183	-164	12	230	477	-435	360	-78	8	-253	356	88	-581	-2	-99	-29	376	-143	-247	28	-136	-469	-458	-204	19	360	-411	-77	700	305	566	-251	241	848	267	543	-866	289	-313	125	-122	-380	-401	-409	-813	-167	-403	150	-154	102	364	-70	-184	-48	625	290	-148	638	-689	-263	-316	-39	
34	123	177	-24	-18	767	127	187	-492	-179	204	60	-231	-229	255	14	404	-54	457	-152	-235	64	316	91	-160	-35	288	577	260	-52	-165	-36	107	223	93	36	-339	244	-247	-122	299	382	329	-263	20	612	819	338	323	-516	59	296	-314	272	73	-109	-164	-636	-338	219	-351	-95	-465	66	93	-138	-8	157	285	532	-450	-256	-224	-202	-37	-512	-53	-289	-161	-394	476	-174	-293	647	141	-272	569	-148	-40	-220	67	-446	57	-109	188	-370	19	169	-36	246	
-158	372	570	74	383	326	576	233	432	487	105	718	68	-299	260	55	-545	195	474	-266	350	397	-189	-68	-218	15	-274	278	107	-1058	458	-326	-210	682	-133	-151	354	-39	-257	-227	153	-185	279	-79	-207	576	-672	-97	-138	125	-73	373	317	126	-215	330	-166	50	358	-377	-122	-197	473	26	225	334	-345	117	-875	-690	339	106	425	212	214	-724	-91	467	640	156	165	98	138	349	-291	93	-71	-147	-264	-761	625	173	646	414	130	-175	410	-438	-4	-122	
-674	-557	110	376	124	-52	493	399	-155	-269	-414	-374	-706	-660	151	-331	-246	-181	378	-354	258	228	265	274	-42	111	-315	424	432	-747	100	264	404	411	-464	-291	-310	-825	292	-359	670	86	415	-354	9	-244	-42	606	-564	60	-786	-116	-9	382	-82	326	-9	-226	255	549	94	299	508	-284	455	648	506	291	-403	-41	-43	-497	-450	-27	419	587	102	-420	330	-411	442	-351	363	438	-208	359	282	-221	-130	165	-202	-63	-442	-214	24	140	-139	965	44	135	
-93	347	-191	261	267	239	-377	-29	174	157	1	216	-71	-495	42	111	-174	607	531	26	-81	-208	163	-29	-118	60	-219	147	-29	-815	-212	516	320	442	-140	-144	112	-189	-75	-334	480	-66	-195	-239	443	171	-531	150	344	-413	-92	409	140	307	147	297	-817	81	-320	-154	327	-312	362	282	776	-232	55	-297	-98	-293	146	-5	657	392	-126	-378	217	-211	626	-103	293	78	506	84	-433	66	-38	-423	-786	-115	-152	-284	395	-486	-206	-17	43	-192	215	132	
18	-218	153	467	-258	-119	229	94	-232	-470	-152	-464	66	333	-259	-540	-305	-399	81	-303	7	-200	-84	3	378	390	-88	-72	-288	212	-81	52	608	-362	-364	-26	22	159	393	-423	-268	-54	-193	-67	260	-435	118	-191	33	653	26	-16	-263	-301	-578	210	276	75	-697	-205	-44	523	-419	47	-499	519	604	288	-118	-197	488	274	-327	-126	-164	-175	346	-45	112	-471	19	-64	-543	-791	454	313	-257	-45	-461	-50	133	417	-356	326	60	-498	78	-547	299	-446	
-568	195	43	-40	-334	-67	-393	-117	-566	-23	-276	126	-335	-187	-228	-200	230	406	618	-241	131	407	-127	-13	175	-196	14	294	25	-47	-312	92	133	544	8	134	-42	-33	-166	-497	-63	-329	430	-3	-183	357	-114	373	-235	-59	-267	-214	-37	379	557	-180	5	-207	-30	355	-85	-166	-92	27	-221	-40	-283	4	-222	-168	-302	-357	77	-110	-169	-252	-589	-201	-304	-48	391	-39	99	104	263	-8	595	-264	-12	-30	-899	-721	-351	-126	-99	373	315	32	-65	179	
306	351	354	554	-83	419	584	-343	-157	169	213	209	316	-131	150	101	14	-115	252	715	-75	121	-37	146	-178	-231	-147	10	-205	414	21	533	-348	-442	-526	126	266	-18	-7	-331	-77	-146	-126	419	589	-373	-287	184	779	210	-173	169	79	367	119	-171	-318	-82	-577	71	-444	-150	446	-329	431	-892	141	172	47	-111	-286	378	27	-104	-32	317	-502	-363	176	-280	282	-87	581	572	356	-475	-412	1	-689	111	193	-608	101	339	-271	109	-417	-21	-300	528	
922	577	-228	-461	-144	-242	-1	88	233	-451	25	-164	204	14	661	-273	863	-255	239	195	-125	91	585	-219	152	-428	252	-422	-80	-181	131	-554	-42	-541	686	84	-350	511	-438	-234	315	-181	92	332	-459	-61	570	100	-182	-1121	101	-253	-92	452	-268	162	93	-148	-192	-886	347	-92	-127	210	-174	23	123	157	563	334	-359	-258	130	481	-47	-363	-4	-165	-303	-528	722	-193	-473	411	-497	-143	23	160	3	-338	-196	-655	-197	-120	191	-296	-42	-406	126	185	
5	-212	243	-109	-469	-234	133	166	275	-612	-44	160	173	214	-497	-77	171	-80	-115	153	-14	465	-65	278	219	-324	568	-201	159	24	60	8	-213	174	-310	-264	-469	71	-149	-229	191	-369	-82	-234	-104	-150	71	369	458	49	636	-459	-112	362	145	182	-52	-216	-223	162	93	-598	133	-136	-80	201	16	445	-420	-40	-86	322	-673	87	335	-65	-24	-129	-78	48	323	-251	-292	158	154	-308	17	-54	445	-645	-486	215	-134	199	-297	-118	-222	-373	116	-699	
-139	-83	-81	-193	-241	99	245	6	247	-55	68	153	-264	-163	-237	28	-70	32	331	-302	-60	440	-535	-322	213	-424	193	-19	25	308	-397	-247	73	306	418	490	503	-201	121	-153	218	-281	216	477	42	-49	192	-96	75	202	83	480	-17	171	750	-525	338	17	-481	-80	-271	-591	22	-88	-470	-325	63	152	-403	33	-319	-39	-402	-330	53	-64	-310	692	351	252	-365	-312	-357	-117	157	158	624	32	-242	-573	-112	48	141	263	593	-55	382	-696	51	-578	
-698	374	-149	422	-33	-549	-652	-11	-652	-3	357	374	-1145	-89	446	-9	-185	939	4	-211	132	-99	155	-80	191	406	-274	-3	-533	10	902	791	-202	-270	139	-62	122	371	-100	-2	-156	-251	358	-273	-335	94	-355	388	-456	358	-592	170	-491	177	-141	513	-75	216	460	-106	-15	-31	-147	-24	284	-129	96	-5	224	-248	-106	400	323	-187	-288	262	108	59	-42	-419	-442	-205	-235	-279	-358	504	-485	-239	198	383	114	187	529	1117	-248	-435	88	-50	-94	137	
-24	349	-310	242	179	20	-375	-337	411	179	311	-27	-201	51	494	-493	549	-441	336	292	-234	71	-123	215	4	235	-625	367	-85	1	472	50	-199	50	-2	164	-169	367	-167	-86	-282	-126	62	-6	78	546	323	92	299	-248	266	-269	-214	673	541	-191	26	-704	594	-57	-64	108	-376	235	-71	21	-47	638	543	-99	-219	346	240	-349	-176	423	464	-84	-306	60	41	205	-81	-170	519	-658	-573	-521	358	177	-216	-230	-443	339	87	-590	50	325	-270	339	
388	295	127	669	-780	210	-139	-12	126	-9	47	183	128	609	-514	206	-306	-232	-36	-15	-170	-44	-138	-350	-26	247	119	-416	99	457	-220	-123	-54	4	140	-294	506	-702	152	69	-89	370	649	305	27	169	-64	-306	-75	198	167	117	-15	-284	-45	-157	178	-4	-572	203	167	270	54	-22	-288	68	123	-356	376	-84	244	151	596	225	315	-575	-129	338	-65	287	-494	473	245	-474	-270	395	-65	81	-93	146	-321	442	123	-263	115	-91	-15	-239	278	107	
104	-17	72	-125	-188	278	563	711	-374	-217	-308	305	-201	149	367	-454	-120	5	338	-223	-182	-455	-10	-46	-212	118	-663	725	-616	342	471	-452	295	-71	323	-310	-423	-389	286	-376	-357	39	-105	50	479	571	125	150	-558	445	338	178	184	-43	-213	-360	243	-117	69	-56	-357	339	118	-430	-301	-202	89	-229	-246	-92	176	-337	-82	-442	143	25	342	-449	-12	-222	-113	706	248	102	-48	214	-259	-215	41	355	108	388	-443	-42	774	105	150	-26	-145	-162	
-79	-35	171	-201	-49	68	-84	-464	-197	365	-34	-317	318	16	-87	-340	-429	-400	102	-297	233	256	-144	-250	475	-493	-288	-292	34	208	247	-24	-250	-42	-359	179	-112	592	683	-9	-427	-10	-534	355	-596	-477	484	-381	-45	452	553	18	447	-150	-429	-374	153	-247	-325	-270	66	443	-387	-284	6	284	615	638	-634	-120	230	-429	-37	198	-490	-71	-85	218	-178	-41	42	85	-173	-43	494	-365	-125	-112	493	-640	484	59	-584	-75	357	-220	-117	-144	-10	-453	
-24	-76	356	-47	-132	-23	-55	375	-421	-11	-29	-48	-233	260	-17	271	204	196	-37	-128	365	-524	-200	372	212	21	-367	-4	-219	-149	256	235	682	-36	55	-760	-341	-458	417	284	-453	-213	154	-186	181	232	10	473	-330	-423	-434	199	-236	-934	-239	556	24	665	-541	-239	154	124	135	-818	-133	-85	-195	-289	-50	-125	-40	-386	-2	-301	-197	281	-202	597	116	-322	239	-73	-299	-964	-221	75	205	207	-361	-278	396	690	-205	-470	-336	195	-19	32	445	228	
-528	296	-306	-43	-116	-159	-322	-523	-148	94	143	-218	-593	388	-585	-476	-472	417	42	-402	-3	315	610	-338	-287	-22	-285	530	261	74	460	-175	68	421	-220	-127	-98	-237	-163	175	-222	-435	519	534	-127	28	366	-83	144	-45	428	-31	-155	122	-56	140	-132	136	185	-173	-41	97	439	286	108	-55	30	-332	-87	296	-409	-473	69	158	296	155	-691	391	49	506	180	38	556	201	-8	75	148	-192	-416	-153	133	293	-436	-294	-61	319	-251	361	625	404	
23	-53	-300	-257	-183	278	115	-36	152	21	-152	73	-272	-86	-165	-332	102	125	240	19	-27	-293	-10	441	244	446	-657	-486	-156	29	183	26	112	173	-357	167	-259	-138	116	-252	499	69	231	185	175	147	139	342	468	-221	17	-281	423	225	142	238	127	-573	248	8	7	-43	-92	137	-83	65	-235	425	581	-128	-171	394	-512	470	29	267	-192	-276	232	-130	52	-146	311	289	-597	-104	-154	356	208	322	-381	-203	49	668	390	177	93	-297	-668	-224	
243	105	-261	329	-307	117	14	-408	-376	-166	-232	-261	-196	254	-157	92	120	-200	-105	-6	10	454	-165	-202	210	-29	213	-50	-394	726	-132	-96	-154	54	193	-173	-430	503	318	488	-680	-361	-499	640	-190	-112	227	-242	126	-230	555	-411	149	-476	-516	-845	-216	297	-40	-182	213	130	163	489	-198	-195	-76	377	379	101	192	121	-602	123	230	-386	86	-93	39	-111	-245	142	-307	661	228	-222	199	422	120	-345	-219	-75	-9	-58	-29	-57	-281	432	72	152	
703	-305	362	-343	-51	814	-20	320	-564	-217	-131	17	597	180	-326	464	522	-240	-13	-388	-505	-721	-318	436	123	-27	-85	32	-256	90	57	42	-392	580	248	-585	-952	18	137	399	-106	150	-164	-608	-172	374	-240	-214	-324	-372	-59	-212	288	-833	-450	-117	127	-21	261	-387	391	65	498	-192	553	154	103	-115	360	445	227	-37	192	871	-162	104	344	97	454	-378	-16	478	-498	-15	-58	-7	384	288	314	-4	140	586	-137	-21	192	-101	-150	60	122	147	
-178	118	416	306	363	188	-295	2	533	-189	61	-652	307	770	244	-70	-353	-348	-726	161	74	232	25	-502	43	-535	-423	124	151	99	278	-75	-347	-58	-317	-116	-301	182	-88	-521	-387	-150	192	-108	164	-7	-75	-125	-172	295	142	236	692	-252	-420	540	-302	579	-640	-394	-440	453	-60	648	250	467	-582	28	-1	-58	33	289	39	182	-39	-498	-376	-364	-104	205	118	184	-86	271	-379	-414	-81	538	-29	-78	223	71	203	-12	-105	386	32	-883	222	346	
173	490	260	-727	3	83	-517	434	-207	-148	-219	-240	42	602	97	181	-126	137	-414	-426	-348	18	-320	-152	-229	399	-408	3	-69	-127	607	177	-216	349	-218	-331	-531	181	-120	-7	-515	-225	-11	516	-362	149	181	-19	-69	-353	106	-148	-2	-664	-1328	147	123	15	-52	-593	-87	806	188	522	531	739	-121	298	-370	65	749	64	-345	661	-86	-96	342	135	55	1	767	55	-629	-102	-329	-495	-401	460	299	93	370	19	-45	-295	405	-225	729	-373	-77	-246	
671	645	191	-258	-245	442	72	-33	-53	69	262	207	-34	-107	-29	35	183	-271	66	275	-522	-273	-184	-34	108	-29	-36	-319	-16	450	142	-262	-127	-466	147	282	-93	7	-7	-138	-451	-409	56	242	-90	-335	-6	80	688	-510	-402	-107	579	58	-117	-87	40	450	-361	-262	87	251	-462	298	-524	-527	5	-117	-249	-563	388	238	-443	350	-4	156	14	-402	252	191	-36	351	341	440	-36	-37	-766	293	266	-456	50	-567	446	187	540	-7	185	285	-234	282	
-631	78	-205	-20	209	75	-29	4	89	-50	-289	332	-446	-292	360	25	-276	618	361	368	-51	-166	247	-489	-169	612	-221	-352	-136	-124	-107	-66	137	467	343	610	88	-383	234	397	-62	806	-93	770	-6	288	-218	-328	-451	69	30	137	336	50	-502	-1080	59	-90	36	643	-219	-30	-220	344	73	44	-71	-256	-94	198	50	207	-102	-366	411	-34	403	-202	345	-12	32	368	639	305	-307	175	224	103	350	766	170	425	114	-170	-52	156	442	320	-430	-416	
387	48	86	-226	109	403	928	525	134	-238	340	-80	99	-94	148	-59	-220	-209	608	-579	-423	-234	-415	646	116	460	-73	136	-190	480	-520	-339	-626	227	-179	306	-100	-474	-223	26	-471	462	-35	28	-115	-13	217	56	-120	-107	-69	-399	573	-273	-485	121	143	-869	505	392	429	341	8	107	-368	70	240	-35	-392	141	232	158	708	420	710	290	196	217	103	179	-39	265	13	403	4	149	-347	-59	2	-260	408	473	-205	-42	81	-548	323	196	395	-243	
-121	-58	232	11	98	331	48	-76	1	27	-626	63	-310	-153	-146	-126	-870	145	102	80	-330	-350	290	-100	673	390	-557	176	340	-271	-136	134	164	85	-746	315	-526	-1087	-80	320	391	368	368	123	97	856	-197	338	-190	240	-297	405	651	666	82	-84	294	-111	680	455	521	269	372	-205	419	-94	166	-24	-139	-177	-75	-669	-135	365	676	-26	-285	-618	324	528	-240	340	694	687	-343	122	129	110	-596	888	-276	292	-39	-300	148	389	32	612	438	64	
-29	576	-23	402	473	93	36	94	690	291	-312	-286	57	-31	-81	132	-69	48	250	-80	123	117	-489	-754	13	158	-305	-228	-174	-176	-205	-92	-454	-62	201	574	279	107	-520	-312	242	406	457	186	122	651	-343	-231	158	279	364	-43	165	-172	484	-73	-722	16	452	187	-682	-203	-177	123	-5	-457	-214	-384	-203	-189	-100	524	970	363	-629	-67	449	83	542	-220	-801	-107	433	218	-44	224	-386	-121	102	-350	94	-124	-103	105	114	536	-509	28	-47	127	
-199	94	351	299	-367	-234	619	-335	-252	-451	-180	376	-190	98	1004	536	143	716	88	453	601	333	389	114	498	-237	120	159	-20	-626	376	179	342	-319	596	-337	-374	346	280	29	-171	-420	-241	159	-38	-662	-501	-224	-313	-499	-301	195	-352	141	-196	61	-54	407	-520	-180	-350	146	-62	-175	168	-274	-92	-498	-350	2	119	-159	-709	37	-583	88	-189	-358	-48	82	658	394	-605	-61	474	-62	228	-430	323	-123	-194	5	-271	-529	182	214	367	279	-147	429	
65	200	-135	-281	717	-104	56	-191	-132	218	-730	-15	-304	-292	-10	-160	-883	536	-94	-521	-47	135	157	-27	49	358	-302	-138	375	-890	-135	-321	112	384	22	41	80	-157	-278	116	360	4	-504	94	91	-244	-79	-816	-381	46	468	165	-497	16	353	-465	212	-67	265	369	45	-52	-123	-183	-115	-4	-183	-173	-610	397	-217	-341	-344	-153	-110	113	136	-288	434	473	773	-100	31	160	-118	-25	438	54	-313	128	-57	-120	-771	-566	-211	5	117	-551	-540	90	
196	-318	-12	-269	-286	612	299	410	193	-52	-546	-26	174	-141	214	-436	150	-30	-63	-150	-228	353	379	56	-461	-178	-191	43	561	-841	67	77	517	106	44	-405	255	-74	-461	34	744	-751	476	-249	-113	353	238	472	98	-401	-429	396	-538	-100	62	442	0	-272	-619	-417	-481	-311	574	572	472	460	-125	-276	211	307	15	10	-178	-613	-297	-480	94	-17	142	-339	621	165	-502	-167	-303	-35	247	435	-104	-49	273	157	293	-283	-30	3	-377	305	-437	311	
-143	-146	-294	257	148	-225	-144	298	147	-100	-177	-334	364	-39	415	133	127	7	-6	-18	-180	133	396	46	-361	-120	489	-99	-204	41	56	224	190	-95	-2	463	196	27	329	68	107	-229	-195	147	-58	73	286	-550	-222	358	-24	-217	-45	-218	-223	24	193	-120	-259	214	-37	-222	-19	357	-84	203	547	200	553	-125	617	631	-372	260	-245	234	434	-30	37	-297	-161	33	-335	-412	545	91	287	-140	366	32	46	-193	341	-142	-293	-308	-507	207	-203	-83	
-706	-45	-196	309	83	76	454	840	123	-164	622	-188	169	591	-358	-731	478	-231	512	-758	178	287	-334	-209	-92	257	-91	501	680	250	-18	-154	184	331	1	-215	226	-428	-429	299	86	-317	-158	-155	223	-185	425	929	260	375	-165	144	-41	-88	297	108	422	175	-517	-469	556	-597	-229	422	-55	420	-462	487	-125	340	167	433	289	-618	245	73	-141	198	58	-231	-287	-238	-566	-48	-338	144	-86	305	-457	-154	-173	273	284	127	285	383	637	223	415	-532	
102	-8	-201	-52	-95	7	462	375	56	386	398	-123	-26	407	114	32	-129	182	257	-138	-173	-405	130	75	-628	176	-391	-52	-372	320	-79	267	639	-192	36	-62	408	-146	-197	10	-335	215	-75	130	1031	-435	-549	322	1191	671	340	-177	-220	-295	463	625	-22	-60	-227	105	-162	203	-230	149	-99	-256	-1247	-493	146	7	-287	1183	430	-151	252	277	335	295	-326	509	-249	-94	528	100	719	-164	43	360	-426	-12	34	123	-399	-239	-49	213	-91	-149	92	-50	
83	313	-27	19	-40	-144	-219	-266	393	79	98	-180	176	195	-269	147	37	265	-205	16	-33	-451	673	-173	117	388	-46	114	319	76	-218	188	119	227	-132	-212	559	197	-258	244	961	635	1	495	-240	68	130	66	174	204	138	75	137	-167	-305	-532	-224	-200	-293	447	2	215	445	-154	308	-668	121	-503	-471	100	147	-111	402	-37	10	-22	54	-317	42	-81	96	203	11	354	-831	-93	749	248	-820	623	375	-122	-227	-530	187	586	-566	-235	73	-59	
84	185	-20	-34	-189	451	110	526	-318	295	399	426	-420	207	-491	-312	76	157	722	-361	-83	194	-607	-986	-177	105	-1114	-99	474	-461	-279	-268	350	104	-362	256	-210	-383	-416	-293	-317	293	-93	-199	-319	-526	-409	80	262	269	572	456	-547	-300	-155	331	-387	267	-135	-158	481	328	316	-25	-579	-309	-750	352	-643	-570	-185	368	335	301	260	-483	90	-171	-347	-256	-187	-384	-17	590	352	66	70	598	-136	-916	212	728	44	75	636	93	338	16	143	-721	
-463	308	-529	137	-280	-347	-416	370	-614	118	-517	89	108	-119	-66	446	-4	376	335	-21	75	538	365	169	-341	451	190	46	-47	-324	113	179	-256	-100	-533	708	34	265	742	-84	217	353	10	332	-666	-151	-66	2	-590	-289	165	126	159	-115	-379	-461	-26	-390	112	915	-259	142	-223	469	-278	-46	182	3	-647	-263	432	-120	-169	316	20	-107	160	-39	-311	207	874	-566	-354	171	470	-199	526	-334	407	-355	130	-567	57	-467	-477	624	160	276	159	-35	
370	964	300	1018	-43	7	-410	-525	-475	345	167	172	394	411	109	349	-280	-136	-370	-76	-458	787	-247	12	-567	-97	-9	-73	173	271	481	545	-520	-370	-371	18	779	430	129	-227	-152	426	-35	-139	-456	441	-235	-87	-486	24	150	182	8	-19	285	-397	105	307	-227	317	22	291	634	19	266	-267	-328	-267	118	-130	130	-349	334	37	93	160	181	-7	-16	-293	299	-564	334	255	379	-352	-205	61	-203	122	-47	159	-107	-592	-676	-142	-457	177	623	8	
71	-407	232	-172	306	558	99	181	406	108	50	-99	507	-228	332	-376	406	-223	122	93	413	-562	-197	-8	-138	149	-464	361	50	83	173	-36	283	51	-132	-386	24	-70	502	128	616	-551	-362	-70	879	435	-60	504	-100	205	-424	-81	-238	-238	-501	51	25	37	-551	-162	-587	-47	289	-632	258	-53	339	-142	-248	206	40	-95	-66	-530	-876	-660	-47	-229	317	-421	76	750	-121	-553	-176	-602	-184	-103	-166	69	112	154	-120	183	235	323	79	73	-771	1154	
-128	-3	263	-126	-209	336	-28	-316	-400	-5	-664	227	-55	-202	443	174	-366	273	-240	241	45	-65	-45	290	-229	207	-32	316	306	-374	-617	200	-94	422	10	685	-671	-812	-46	-378	460	18	6	210	342	681	-295	50	69	-19	-216	370	228	-167	241	281	-142	144	-164	4	-484	-382	-439	150	223	132	-64	-354	-426	514	-133	139	113	-28	-162	96	40	-684	90	37	551	336	249	76	235	276	622	-14	-163	61	-65	338	-491	-471	-227	63	108	103	-16	318	
67	31	329	533	296	331	621	604	342	373	-208	102	-458	274	-123	346	-184	-318	-109	104	-122	-467	-574	108	-440	256	-45	-226	261	-461	221	172	241	47	-338	-84	-187	-372	85	-224	122	695	-244	-100	227	13	64	-83	-35	199	425	477	560	-574	238	160	-605	3	-436	40	-153	46	-180	-48	-70	-544	67	307	271	-244	-342	193	260	847	597	-125	106	-214	-29	322	-72	-515	-379	111	63	29	263	418	-232	-571	755	184	351	85	539	638	-516	-320	-173	-121	
52	692	136	549	-34	102	-442	-424	-413	366	159	66	-107	-284	-15	416	-256	170	-603	198	-12	-361	28	-83	484	122	-559	95	-137	-214	352	221	-17	-430	-294	431	318	189	83	36	-73	460	8	-18	-217	196	-419	-338	-82	278	-486	510	308	624	-29	117	-267	-132	255	43	-183	279	-443	40	314	-515	-120	89	224	-743	405	41	-95	-279	-182	105	48	-460	-286	279	-211	214	-282	351	245	-130	-429	-445	-161	578	-166	-170	-9	-291	9	73	4	116	8	-120	
-236	-197	-430	251	48	135	43	533	125	-401	-196	-212	-156	35	-456	167	-430	-49	-536	-234	427	334	82	-250	203	-340	-107	-132	14	-26	-319	53	247	-83	-73	-165	123	-55	-171	-2	-56	433	-319	-153	567	620	-545	-73	53	99	339	312	297	129	289	544	-101	77	-141	188	248	-312	337	81	120	-274	64	95	-110	151	-172	433	632	791	-301	-73	-96	276	-112	745	-110	250	79	505	-421	-303	406	566	-507	-335	-235	68	-208	210	-145	791	-157	-185	303	273	
623	-91	-483	-748	-433	417	-194	403	308	-18	110	-423	-17	-225	-388	50	-58	-1	-528	-77	-188	-753	205	-15	-351	-157	-282	222	-404	432	-295	-384	118	-730	310	-427	-122	-456	-250	517	-177	109	-92	-579	-285	408	-137	-116	-190	80	-13	446	-6	-174	117	79	477	-20	457	-9	262	-194	-104	46	-160	-231	-118	-212	563	256	156	506	283	126	358	-126	686	220	214	-119	-130	532	-508	-158	193	36	-52	184	-80	139	243	909	-310	269	-203	63	69	164	-267	-605	
-198	-189	200	-524	-395	-104	-167	383	-581	-61	37	358	234	568	-441	-234	118	-365	-723	-287	115	672	172	-314	647	-46	551	80	153	576	-290	244	-639	-145	534	95	-104	320	-4	364	-440	-554	8	-322	-475	-421	54	267	-157	163	353	5	-94	-106	167	-147	134	-245	-236	-338	-90	-431	-261	-525	-512	-38	-19	145	2	534	-81	-893	-222	-701	-74	-271	-533	-102	-396	-6	-336	229	-633	53	276	61	-83	122	61	206	-121	-766	-167	681	67	-56	158	-641	-257	-516	
-84	434	-149	260	160	-153	-264	-131	-109	-77	58	530	-258	-206	381	-134	-734	417	-196	18	-260	188	97	-17	-430	-352	145	-113	-843	-132	-417	-72	-198	-122	155	-205	-182	-96	-181	110	139	-28	81	-109	100	80	219	-423	-182	-15	-126	279	229	311	-227	-97	-58	-140	-41	-8	-137	74	-183	-118	685	236	386	416	-385	803	215	74	199	366	-134	28	377	-775	-330	-333	89	551	214	345	167	-400	98	-422	130	25	-104	-112	-211	209	625	92	-110	66	-119	334	
-313	30	256	44	330	125	375	-24	363	488	100	-110	314	-313	-527	-134	242	-1039	353	-304	-754	41	-87	-305	-593	81	-495	-176	35	380	-513	-321	-406	195	-291	102	777	-629	-912	87	157	-588	188	21	226	93	33	251	762	533	525	-84	-325	380	349	566	-224	-50	61	-149	-275	14	304	-836	-143	-235	-617	-46	-662	355	68	-154	362	-295	-61	-115	301	-373	-115	110	-200	333	351	-237	356	-187	254	35	-337	-134	63	-405	161	-95	408	-86	-262	-62	-198	323	
184	180	-348	188	479	-55	257	-35	112	269	-96	-1	288	22	601	101	-467	-107	271	-41	-4	162	-125	432	-253	59	371	518	-227	161	458	147	93	266	148	-547	-334	-123	-447	-207	-223	-240	269	86	327	-313	219	344	215	672	234	-86	-156	9	725	574	517	-73	-54	-10	-293	443	-1	-60	366	-244	-424	-182	413	-196	-478	60	454	384	296	679	-473	104	4	136	546	-563	201	-27	212	-180	-351	-57	86	-371	291	264	-112	365	330	-156	446	200	-321	430	
-72	73	66	595	-547	82	254	-30	-368	-301	276	322	-48	141	143	197	456	294	497	222	267	8	245	117	514	-526	115	-153	-305	-292	151	-16	236	252	84	185	-211	-88	199	-90	-310	-116	479	333	-189	268	-239	204	-312	-96	188	460	712	692	-90	327	292	-226	-89	15	-189	-406	-456	-398	347	69	500	240	588	657	-250	-406	-189	-174	-225	-425	-140	-333	-207	-198	82	17	266	32	-48	131	-87	-158	-607	196	-217	-244	74	344	792	-340	628	140	-11	-289	
-201	-335	-233	-94	16	-343	149	641	189	34	-126	-403	454	-28	252	330	-430	-389	-154	3	43	149	248	-27	-95	296	74	-176	-421	393	-301	-28	-204	-16	221	13	49	-370	-259	270	73	268	182	-168	-24	31	-348	-159	-34	760	-380	-191	580	-561	-432	-3	680	-4	19	184	-154	166	363	-163	-9	519	-310	136	310	135	778	581	541	351	551	398	298	188	172	368	-503	275	-59	-259	-283	224	-47	498	314	-488	108	105	-92	417	-55	639	-285	-379	-146	-217	
-202	-274	-28	29	-475	101	-274	381	-490	-306	47	-486	705	263	-168	185	475	-1122	-47	153	-534	812	168	280	39	-187	-22	0	89	441	-115	-400	85	-149	-54	-407	12	-38	-519	183	298	489	-301	203	191	-373	131	497	711	129	381	586	-211	315	478	-394	140	-97	-142	-447	584	386	179	-108	134	93	-242	226	0	120	208	117	-13	-240	83	-117	404	-353	-445	14	130	-159	-257	598	-277	-605	459	847	-238	349	187	-432	227	56	-2	321	-289	-400	205	5	
-154	273	-708	-25	184	-536	-421	637	-136	22	-7	-427	-492	-285	-46	-46	-90	117	150	55	30	42	260	-608	-383	307	-307	48	200	-316	-466	-380	-179	-241	-412	1053	-114	321	-37	528	167	-57	-4	658	-513	-123	166	-47	-479	-94	52	294	-382	-89	-306	230	363	-60	124	226	355	78	-448	177	-337	130	-195	669	-667	-386	-121	138	-122	-275	165	87	95	-375	-713	166	419	-548	-426	726	487	-71	717	26	63	-618	425	51	460	-77	-54	82	143	358	498	-194	
265	578	1	-330	-264	410	-375	689	-249	549	-232	-200	557	442	-296	-443	-212	129	-238	-212	-268	134	91	207	-476	-15	-779	428	391	176	373	-195	6	14	-33	-223	120	-32	491	278	268	393	20	-225	-400	191	-396	-257	-295	-294	65	158	-147	-770	-605	-92	461	-133	291	239	236	566	560	475	318	10	-342	-178	-138	-291	-137	33	-95	24	75	146	-135	-74	-48	-160	407	21	-128	804	93	-480	-24	566	-176	-198	166	535	237	-72	-420	664	-231	66	413	345	
55	-34	-104	8	-292	-20	90	638	87	-142	149	-540	-249	202	474	-274	-19	258	-109	-37	837	-289	335	-302	95	149	-587	-154	-324	-124	68	-178	710	-645	601	-17	-51	-338	414	190	-544	298	-147	-312	494	197	-28	294	-579	-144	-355	265	-129	-29	-528	907	1	331	-424	-527	428	318	23	-38	-388	-7	138	-392	220	-230	324	61	-223	345	-283	28	293	18	-225	-156	87	265	-117	-354	-240	174	-92	-22	-538	335	-220	391	-490	-535	3	-169	412	282	508	-70	
448	512	583	157	-15	1	-152	-185	-124	128	-615	174	74	413	-268	82	-888	220	-116	114	-126	82	-199	-423	-211	32	-34	265	256	-585	425	18	-415	105	-101	-82	-342	-252	248	-316	-606	-233	-160	167	13	123	218	-249	-267	265	650	600	524	-4	-447	-440	-470	124	-236	-445	-428	-508	-250	551	-226	-83	-190	-132	-185	-28	303	-475	-395	-206	-40	-311	54	-122	439	93	535	525	-99	-157	99	112	-337	-295	-65	-112	-3	179	-481	-359	500	-538	331	-164	-246	-704	
-111	-169	-478	271	174	224	95	-181	1	213	-523	255	267	-277	-174	19	68	-236	-292	155	35	469	-370	436	-15	164	19	-377	109	0	-96	405	-607	69	-71	100	-179	236	231	326	519	-344	-622	494	63	759	228	-201	-252	-635	383	7	460	-223	281	-292	703	-98	231	298	40	-233	-63	569	669	-63	-273	341	538	113	-305	-85	-41	-9	158	-54	338	41	201	599	-88	-102	362	213	-106	-523	-33	323	290	-22	35	-2	336	324	88	218	21	160	22	268	
-59	119	41	345	-116	273	-405	-334	105	246	617	-126	-387	-461	-54	-303	497	-317	688	-273	-180	-15	185	-79	-219	264	145	58	118	450	97	318	563	268	-91	502	-111	-71	-729	-429	-624	-27	399	-59	83	-213	333	127	652	-175	-423	-106	7	-7	20	356	-81	161	-527	-968	-113	503	123	340	-163	-264	25	-327	-262	-153	440	294	130	526	-157	177	-115	-35	537	-528	55	-684	150	-79	115	637	-400	-29	-171	-362	521	-94	644	-704	226	-366	128	537	331	121	
428	29	-458	-162	115	-219	535	22	-122	375	-170	719	97	90	329	341	-500	27	186	426	-213	229	170	-135	264	152	614	-123	-149	-510	-66	224	-16	-259	133	265	-147	308	65	-83	-307	49	511	431	182	-151	-68	-350	199	-87	-144	-59	89	-317	834	-429	-38	-157	206	299	-95	101	240	98	-108	-400	-82	721	585	-419	256	277	-65	465	150	398	291	145	144	-285	-699	-479	402	417	197	596	-102	262	-52	-145	203	-308	348	407	385	73	158	53	-563	377	
590	430	135	225	244	58	-331	-149	-477	455	609	357	-403	185	320	-93	186	-92	124	-56	-413	-50	181	344	237	110	222	42	-75	-98	536	-261	144	-39	149	26	440	201	347	410	-14	454	189	617	-103	-150	206	288	-222	-18	-128	231	296	-178	-278	-482	73	-23	511	176	239	-70	-659	44	58	-358	382	813	328	164	86	607	148	-272	5	-82	386	-54	-233	-290	-468	301	-179	170	-361	-241	-386	209	-224	-208	511	-340	128	227	482	-128	150	186	-515	-148	
-428	466	311	-27	1	271	114	200	-21	85	215	-35	204	102	261	246	511	-106	287	-280	-540	53	-97	49	-162	296	-459	-109	25	-28	134	38	-160	-122	211	303	273	-188	11	-176	102	141	491	-162	-399	164	219	537	-45	-715	-675	-228	168	102	239	-51	-94	22	-210	-181	205	479	162	246	-337	340	568	-107	705	-60	-106	9	473	507	125	-15	-281	-259	-54	-479	5	220	329	-148	-43	-592	242	75	131	287	-334	-230	332	130	7	29	-460	289	336	251	
217	-165	684	392	-107	362	412	-14	-183	-188	-189	-229	-243	357	-97	-3	421	-597	277	-222	-468	213	-587	-193	-85	-175	-359	-656	12	146	313	-86	-272	269	486	-285	44	275	130	604	-373	468	-198	208	219	76	-30	151	-98	-271	338	150	-349	87	-341	-563	-42	296	146	-375	164	-140	-161	-418	126	-70	41	563	104	266	-427	-278	-66	-59	-676	-107	563	-164	-102	-416	-289	353	-276	-328	-179	-233	-18	377	-226	400	-78	90	-234	119	526	-390	-90	-200	-109	-362	
207	493	223	402	-180	84	3	51	93	138	-178	121	345	26	402	-123	-165	-142	-87	317	-4	-170	193	64	526	164	141	-524	28	-66	241	-174	-25	687	88	113	141	200	225	-390	-53	233	79	178	-205	46	-172	-410	-648	-391	698	-274	244	-220	-284	-13	-376	-515	493	385	-181	-382	68	-98	-85	-30	-351	-2	245	-308	145	-662	314	296	105	-691	-278	-114	129	-116	215	-137	122	325	4	156	-133	218	-18	165	44	-179	255	-268	-456	168	283	-422	248	200	
126	381	-143	565	372	-209	217	-310	-657	-167	583	43	-361	514	301	568	-99	384	107	-35	-677	181	584	-316	-339	161	-199	221	112	480	567	93	47	-197	211	-584	-26	285	380	-332	-122	-399	-938	60	250	-424	186	-576	-159	-120	25	-913	-686	272	-615	281	-258	451	-270	448	960	133	423	438	53	149	-40	-152	-129	-579	12	142	445	-59	-59	160	344	11	-593	303	413	-130	467	-13	4	-47	-597	-323	-6	6	180	-296	329	-75	-540	-786	-14	734	374	785	
57	408	385	414	337	66	-423	-33	320	-169	-322	-238	-37	-417	-297	-161	195	303	662	-140	478	335	23	-371	-255	-586	415	-536	-68	-56	300	-379	-16	507	-35	-275	799	190	-125	93	116	-420	259	291	-414	-155	-135	-555	199	293	260	-98	-97	201	-252	-105	27	105	-27	-326	-290	-462	-34	107	316	-78	655	12	-65	-221	23	594	382	-192	-386	-246	-194	163	175	279	-36	397	-511	-655	-51	486	-654	-339	354	-731	157	-143	555	274	22	-109	-70	-317	-480	202	
-292	259	42	224	-167	-292	-42	-86	-353	-212	133	435	-125	149	47	175	-244	-45	320	257	-7	485	-105	122	-32	-263	111	-876	-826	11	-102	330	-86	-329	-29	-243	405	550	-105	-199	-69	-432	-337	653	-242	478	223	-47	443	-180	278	320	-127	415	353	452	-543	127	158	-382	239	-603	-66	-33	64	-95	-213	105	-363	-56	-180	5	439	-428	-396	87	434	238	-383	-336	-162	285	-446	82	-205	-512	30	-34	-44	200	-12	-349	255	-43	-363	-30	-323	-236	202	174	
734	18	234	314	104	225	-65	30	164	7	342	184	492	219	174	-622	166	-56	389	193	-56	-537	671	-255	702	-135	-496	-382	56	-210	159	659	331	-29	-212	-4	-14	665	66	-352	215	-436	51	-148	176	-14	186	525	339	184	206	-324	-296	1049	131	-70	129	-340	20	-154	281	-468	56	-317	97	-242	165	975	916	110	-787	99	-969	-39	189	-204	-591	-138	318	-344	-101	-295	277	122	238	-691	-7	113	-566	717	-434	-526	-745	543	489	-454	-382	459	445	1	
823	1011	236	121	462	546	-417	-358	-466	-223	-205	41	561	-513	45	64	-535	93	657	-132	-274	458	150	181	-396	478	-320	-196	-102	-65	116	95	-20	-208	-259	200	1008	577	45	14	176	189	-166	184	-89	237	-124	-110	-58	122	579	212	-762	-283	-302	-107	211	4	-42	240	23	180	97	-3	205	-438	609	-649	-384	1	279	-93	-114	-145	-567	-553	249	-679	524	-135	482	159	32	735	181	-795	-391	76	-636	-326	-530	-246	-366	-248	-733	-701	-65	-175	185	557	
-325	393	421	187	107	-205	-558	440	-51	-411	-269	-57	321	532	429	418	876	588	-738	79	60	-131	683	272	699	-225	331	425	31	53	706	-548	588	301	54	-1009	-164	-153	125	569	229	-196	565	-76	-185	-67	-362	287	-107	-208	-332	29	-70	419	422	38	320	-255	383	-133	-244	-403	334	-170	367	-132	-339	235	334	-452	-76	-163	66	10	-119	12	-354	271	144	-303	275	366	-282	-127	14	129	-359	-205	-344	798	-73	-170	321	344	-362	380	300	86	397	409	
0.000857
